Roll = 2, Name = Shyam, Sub 1 marks = 7.000000,Sub 2 marks = 5.000000,Sub 3 marks = 10.000000,Sub 4 marks = 9.000000,Sub 5 marks = 4.000000 
Roll = 1, Name = Ram, Sub 1 marks = 10.000000,Sub 2 marks = 10.000000,Sub 3 marks = 8.000000,Sub 4 marks = 7.000000,Sub 5 marks = 10.000000 
